-4.119456328475693567e+02
-2.845807991037725060e+02
-3.915275148586015348e+02
-4.181948069582211360e+02
-3.257487620516257039e+02
-4.273180210230050875e+02
-3.062205342467530045e+02
-4.264492411548065434e+02
-3.781732073903649507e+02
-2.689890887137134428e+02
-3.708184609038605686e+02
-2.643709289031780827e+02
-3.332564555075003341e+02
-4.338757239789629807e+02
-2.504925212138234656e+02
-3.739647710552832223e+02
-2.912775939145058715e+02
-4.762368831726927283e+02
-4.221697351279883037e+02
-4.392419945237993488e+02
-3.961559805366752585e+02
-2.999506996134657584e+02
-2.030657101857796079e+02
-3.161634556538525658e+02
-2.462531546158270430e+02
-3.576737743917364014e+02
-3.803788788631001694e+02
-2.960533435819240822e+02
-3.811528816344858228e+02
-3.874766018394494722e+02
-2.116631720142320603e+02
-2.623377621797078518e+02
-3.624827362713444359e+02
-3.444875704562411443e+02
-1.062134798955585353e+02
-2.421743476668416406e+02
-3.516914213718196152e+02
-4.147247198328262243e+02
-3.849328386608126493e+02
-4.360017318200002023e+02
-3.698063687710583736e+02
-3.290215269408126346e+02
-2.385941444407978338e+02
-3.375747716344923788e+02
-3.549002065457282242e+02
-3.302490569878086148e+02
-3.166388913443249749e+02
-3.179194074717307785e+02
-3.927116876738883207e+02
-4.523222557996264186e+02
-2.613128176088792429e+02
-3.528534031048444604e+02
-2.572088029179059845e+02
-2.965984756121692385e+02
-4.312794903499605539e+02
-3.300476669215698848e+02
-2.702648532893874744e+02
-5.118259873396351622e+02
-3.675318236477183973e+02
-2.823082935250209289e+02
-2.652553449603867080e+02
-3.815581938258562218e+02
-3.469940125983379744e+02
-4.643674202617323203e+02
-2.942913720699843338e+02
-4.372147921890158386e+02
-4.286613679951464064e+02
-1.721874799756356822e+02
-4.118060036110627493e+02
-4.193043284409083071e+02
-2.556843048724451535e+02
-4.222655073374944550e+02
-3.637910343095621215e+02
-3.837630123051425244e+02
-3.483733176371854938e+02
-3.230422694640432724e+02
-4.059023879197434894e+02
-3.092877912341089086e+02
-4.915060635026305249e+02
-3.050892622889247718e+02
-3.389092018090045144e+02
-4.740342609190279290e+02
-2.461994993013755675e+02
-1.935182384205299968e+02
-2.745614811431905764e+02
-2.458926434426893479e+02
-4.158250759784684760e+02
-3.231560634100978291e+02
-4.403647660922146088e+02
-4.108292718536980033e+02
-3.527595482169052161e+02
-3.471475339722218791e+02
-3.444411011752647482e+02
-3.431438108055760949e+02
-4.413445526527291918e+02
-4.456618499628029895e+02
-3.869126932860049806e+02
-3.640757352300293519e+02
-3.733779905856409300e+02
-3.767043195859949947e+02
-3.477042231137918975e+02
-4.057033901625466683e+02
-3.755520368397107518e+02
-2.829308863066153208e+02
-3.608173378104030462e+02
-4.472871385557094186e+02
-2.503683234218659663e+02
-4.842324808058666008e+02
-3.315659852336895597e+02
-2.874744359764692376e+02
-3.471603742162957360e+02
-4.750416375288196491e+02
-2.786828433325597985e+02
-3.072314102028450407e+02
-4.483268210088558021e+02
-3.794908969174692288e+02
-2.665857290904837669e+02
-3.548182690950842471e+02
-4.052664872472159914e+02
-3.602775183436675661e+02
-3.522825311376087143e+02
-3.109128467750198297e+02
-4.597681715711974562e+02
-3.765768824408960427e+02
-3.297695711404847430e+02
-3.393096420828995861e+02
-3.590259022324349303e+02
-3.823601005447596322e+02
-3.442863973010187806e+02
-2.150519730034969825e+02
-2.565185298938525875e+02
-2.646815786763633014e+02
-3.215433754876962098e+02
-3.494556319203420571e+02
-2.617786268161831345e+02
-2.727670038477349976e+02
-3.962626621001022045e+02
-2.456748654933486193e+02
-3.181133429684538214e+02
-3.696429844811194130e+02
-2.510069770710890396e+02
-3.074219197044999987e+02
-3.615810013530785341e+02
-3.100054902196517332e+02
-3.066613019783463869e+02
-4.412163338917497413e+02
-3.748281236965011090e+02
-3.344782660115962472e+02
-2.390583844716385045e+02
-4.672285363273770145e+02
-3.202830337711774860e+02
-1.547492772954676923e+02
-3.809437227909809280e+02
-3.906700902493678882e+02
-3.212516659935972143e+02
-3.561979082083627759e+02
-3.229301007011974320e+02
-4.028147253874022908e+02
-3.849999892523378549e+02
-2.691776181653717686e+02
-3.427694423799258061e+02
-1.669578696595563088e+02
-3.488507900922664362e+02
-1.873389511597050046e+02
-1.974861607475128551e+02
-4.289273553700592174e+02
-3.616202783991001866e+02
-3.763043980079762036e+02
-4.239464827596735290e+02
-2.666546722333925459e+02
-4.113092200028428920e+02
-1.804808607294832257e+02
-2.205844839697775512e+02
-2.152278394459207504e+02
-3.076917287185638656e+02
-4.092047674137810986e+02
-3.088576670575707794e+02
-3.060893898502283150e+02
-3.280050353093055833e+02
-3.902172987279529934e+02
-3.774465323893925870e+02
-3.403581550180786621e+02
-3.931641401726619733e+02
-3.002249623445190991e+02
-2.922842999413917369e+02
-3.191823597098853611e+02
-4.982957209554330120e+02
-3.737474861935110653e+02
-1.788800762799582742e+02
-2.726206301817737199e+02
-3.476244762362487677e+02
-3.351976699514724487e+02
-4.807956461234798553e+02
-1.364478600278459908e+02
-2.246260432009648014e+02
-2.466025108262159335e+02
-3.414698029350950605e+02
-4.822227531202029240e+02
-3.801734684245762992e+02
-3.568619750541268445e+02
-2.325446995957376544e+02
-3.175408095879862458e+02
-4.768129236183705757e+02
-2.438714373816284535e+02
-3.483778334705631892e+02
-2.405837310312851685e+02
-2.837324274020109556e+02
-3.516137361375107275e+02
-3.108096084722902219e+02
-4.087534397676380422e+02
-2.780881924475377787e+02
-2.446959452962034334e+02
-1.359597318641056631e+02
-2.432318827208905248e+02
-3.566001574986538571e+02
-3.976315721760097972e+02
-5.147324242986703666e+02
-4.220387944366974580e+02
-3.605917803123231238e+02
-4.198793408838396317e+02
-4.031106611747003967e+02
-3.770112501256489850e+02
-3.146243464578502085e+02
-2.469477360445693535e+02
-3.877709205061868261e+02
-3.827040227571700370e+02
-2.968256924478192786e+02
-3.194875603083889359e+02
-3.029897240595553853e+02
-4.671513313747852294e+02
-2.722845143099254983e+02
-4.840713036140857071e+02
-4.707932833415202936e+02
-1.261762530953000550e+02
-2.406086714471717585e+02
-3.643449918428314049e+02
-3.928144619172422836e+02
-4.052302600681005060e+02
-4.133423391787619607e+02
-3.107632427926394598e+02
-2.965289827839471855e+02
-1.716292090609451009e+02
-1.421156702365162516e+02
-4.369304982483745903e+02
-3.423496452281370921e+02
-2.715939098606750690e+02
-5.210038025456125297e+02
-2.983481923163270153e+02
-3.468932291062432114e+02
-2.838956030894043465e+02
-3.140442680183605830e+02
-2.824534455994295854e+02
-3.166258152155459697e+02
-3.138701386993995470e+02
-3.247027307655577033e+02
-3.087221165879868749e+02
-2.203755318019362619e+02
-4.811918741072066723e+02
-3.009639721236668493e+02
-1.954149345821995496e+02
-4.556810106208283742e+02
-4.372439993332591257e+02
-2.856971012265579475e+02
-3.890388490286846945e+02
-3.427229545484199775e+02
-5.029203199883000366e+02
-2.756581266429442394e+02
-4.946149302763715809e+02
-4.800941998541771909e+02
-3.958012891431658886e+02
-4.594142994092634353e+02
-2.665764751825666963e+02
-3.249003995715957558e+02
-5.083024055225196207e+02
-3.165654852076129941e+02
-4.750065755267377199e+02
-2.896304354838766812e+02
-2.074098270044374601e+02
-2.267973249549592367e+02
-3.734869253139596026e+02
-3.457363792681456971e+02
-4.416883022793062423e+02
-3.293489277925349938e+02
-3.742641305671757550e+02
-3.884988301636707888e+02
-2.970703015195551870e+02
-3.734394370320393364e+02
-4.014583204543724264e+02
-4.891729501612231843e+02
-4.105871244861650666e+02
-3.582719869407557098e+02
-4.109792616074200851e+02
-3.663174596731408883e+02
-3.458201497073849850e+02
-4.159461724720755456e+02
-3.715587706321238670e+02
-4.828369577298161062e+02
-3.577203930675860306e+02
-2.452396786974685483e+02
-3.485658559301970172e+02
-2.852416665164826099e+02
-2.612033399546776877e+02
-1.976131802689446033e+02
-1.315888736629413813e+02
-2.662622187104858540e+02
-1.827296575724762420e+02
-5.255002461910535203e+02
-2.803689272798368393e+02
-2.777298470108050310e+02
-2.630971216527261163e+02
-4.068400357510189451e+02
-4.029790289558516179e+02
-2.632370781602349439e+02
-3.710658171006274983e+02
-2.609651472048568053e+02
-1.372008786472592021e+02
-2.099914615710595740e+02
-3.162772891770586625e+02
-3.783131582358442984e+02
-2.948255208243078869e+02
-3.984427426980652172e+02
-2.367545028957546549e+02
-4.944080557792014474e+02
-4.024411244149586651e+02
-3.518652924448626322e+02
-3.047687481279314170e+02
-4.276818875390389394e+02
-2.900387224012756633e+02
-5.016524718658541815e+02
-3.787020080523623164e+02
-3.636218499792228158e+02
-3.235659474237883160e+02
-3.754221949254748552e+02
-3.769438871945789629e+02
-3.179889749641528738e+02
-2.325307197012026279e+02
-3.717628603263365790e+02
-2.611090539938008988e+02
-2.256777024999160801e+02
-2.390378225962818135e+02
-4.546550286225572677e+02
-4.037946483048582422e+02
-5.081286478227497696e+02
-4.656382906704400853e+02
-4.741561112598138266e+02
-4.050659977015657205e+02
-2.568691819899521533e+02
-2.527533135856236299e+02
-3.435874630556538136e+02
-3.826031742951891488e+02
-4.864899819422620908e+02
-3.910599188698316198e+02
-3.312403530578965842e+02
-4.836537700991362385e+02
-3.173595532035943734e+02
-1.349706880498073645e+02
-2.920795693746440520e+02
-3.533013803751907744e+02
-2.766975253535442221e+02
-4.869147855908461224e+02
-4.306192293366004264e+02
-2.711598326766527407e+02
-4.541995084921949797e+02
-2.677693655320976518e+02
-4.355059759958347172e+02
-2.818633502660124464e+02
-4.047611667291424169e+02
-2.665486178299372000e+02
-2.320367257914294328e+02
-4.217761510370033875e+02
-3.022293447410959288e+02
-3.568094433875614868e+02
-1.805695595190605331e+02
-2.696554795095601662e+02
-3.183012198855461179e+02
-1.929199842903378510e+02
-4.124989967426195108e+02
-4.035521408184464462e+02
-3.306171203397478848e+02
-4.477572505523892801e+02
-3.701419527868130785e+02
-2.698867444230201045e+02
-2.670402954026840234e+02
-2.436667755093830579e+02
-3.115374833543885416e+02
-2.972137269530454660e+02
-4.919215987227136679e+02
-3.642612980949284633e+02
-2.613228343340229003e+02
-4.516852731831774008e+02
-3.414216349445683250e+02
-2.983698355192836402e+02
-3.623573672881850598e+02
-3.214033701412602113e+02
-3.935032850175001045e+02
-4.136783789762819765e+02
-3.547575574346814733e+02
-4.449065138456081741e+02
-3.989048031717533718e+02
-3.693406164032359129e+02
-3.069710724572233858e+02
-3.590622823297590571e+02
-2.372881134309782567e+02
-4.461104495995206776e+02
-4.347135965535413789e+02
-3.182207758031954086e+02
-3.747762226894474793e+02
-3.682732976250982802e+02
-3.320434964756748286e+02
-3.441134531584623915e+02
-3.707234077964740209e+02
-5.189481255006319316e+02
-4.387024038969895514e+02
-2.888644300961391309e+02
-4.129749209478910643e+02
-1.994602325435207320e+02
-3.546276281861095185e+02
-3.882085436213689036e+02
-6.260608000580401722e+02
-3.480393669130361332e+02
-3.038300153522629330e+02
-2.808496851977781148e+02
-4.901165275744256746e+02
-2.839171392818408322e+02
-2.304039842031431817e+02
-4.526214205834531299e+02
-2.854100174964613643e+02
-3.936396863639427579e+02
-3.911146015143931436e+02
-3.800069710871397888e+02
-2.990079576067964240e+02
-3.284889986686802104e+02
-4.477305920851169390e+02
-4.237919619538907909e+02
-2.797275056843332663e+02
-3.344926393480207025e+02
-3.619137710879862198e+02
-1.778754392987728465e+02
-3.678108860920016809e+02
-2.656116884057839798e+02
-2.839812240008924960e+02
-3.495032392069585967e+02
-2.761265326275651546e+02
-3.276353130162049183e+02
-2.392383259174866623e+02
-2.769287233552784642e+02
-3.249947809874848872e+02
-3.806915632392945099e+02
-3.813711186432076943e+02
-3.732944318799773100e+02
-2.256771481788404685e+02
-2.166275996002706563e+02
-3.498358471188713565e+02
-2.520950411202044847e+02
-2.238877360240899179e+02
-3.290643707242293772e+02
-3.226002546670083575e+02
-2.990304718908245150e+02
-3.485412526544599814e+02
-3.717453638541858822e+02
-3.115460083650435195e+02
-1.604465622772956692e+02
-1.252614674236371428e+02
-4.148856580053370635e+02
-2.208090877092080007e+02
-3.627586218604299688e+02
-3.310357693180154115e+02
-4.021300984621046837e+02
-2.671940897094348770e+02
-1.926240275932359225e+02
-2.963747466814086806e+02
-3.059678144732166061e+02
-3.940313888693623880e+02
-4.709548693203911967e+02
-4.266791529607854159e+02
-2.730630846411915513e+02
-3.229480657556844108e+02
-4.621262063618532920e+02
-2.146609734074148150e+02
-2.515338533612765559e+02
-4.138474272887086727e+02
-3.493921751968881608e+02
-3.608218293641502896e+02
-3.444486493772008657e+02
-4.011187046787616168e+02
-3.757336003322068336e+02
-4.045825528076591127e+02
-3.292008447261423498e+02
-3.195118454679594606e+02
-2.689562201195748798e+02
-4.608403708968517094e+02
-2.159093517088723786e+02
-3.309615400142071167e+02
-2.409371439802862369e+02
-3.966273269378085615e+02
-4.250152877588524234e+02
-2.495088081847266039e+02
-3.309963337933441494e+02
-4.459305794874313165e+02
-3.136237934096073445e+02
-4.048138774516003764e+02
-3.962779800847397951e+02
-2.271707104189522113e+02
-3.672038599519169111e+02
-4.281834872125496076e+02
-5.560775027036262372e+02
-3.170003029823583347e+02
-4.508493265460311932e+02
-3.150312480649808435e+02
-2.145652304499648153e+02
-3.964598731252871175e+02
-3.287413048246946801e+02
-3.449994747772578307e+02
-4.997871568908170730e+02
-3.735079353744698096e+02
-4.123117118087878907e+02
-3.440777519883779405e+02
-2.114787011166205275e+02
-3.841602468891327362e+02
-4.616903032320569196e+02
-3.027496235306685435e+02
-2.928961984882820389e+02
-3.787713698959093449e+02
-4.118436991749017011e+02
-4.672251028400559107e+02
-2.565611318287816971e+02
-4.614991783293506842e+02
-3.920058827413324707e+02
-3.715162379499887493e+02
-2.319189152471710713e+02
-5.421299250612318019e+02
-3.928562094309650661e+02
-2.502929682208727797e+02
-3.537198901050612676e+02
-4.510692932055140432e+02
-4.397773680173472144e+02
-5.012479483214501101e+02
-2.984754604716029576e+02
-2.500776026307096913e+02
-3.948147343764624679e+02
-3.569926051915477387e+02
-3.180768521514155509e+02
-3.772386605620936280e+02
-4.588453154954881938e+02
-4.961774184653137354e+02
-2.252309870935509934e+02
-3.276414891980887205e+02
-3.238045219724991171e+02
-3.331607029439734333e+02
-3.296641256807708373e+02
-4.150970859479510864e+02
-4.006599515336681634e+02
-2.843690047672295123e+02
-3.057312489415073742e+02
-3.640207096177006747e+02
-5.489692446635261831e+02
-3.281837685839177539e+02
-3.650711593997218642e+02
-3.229381320143224912e+02
-3.739060118605208913e+02
-3.889823380270560165e+02
-2.967127800692786650e+02
-3.192045901828758474e+02
-4.092020139280728017e+02
-4.045600562069130888e+02
-3.256770779335948305e+02
-3.979325791604421170e+02
-3.773056966866243442e+02
-2.954412865777839556e+02
-2.969940792478851108e+02
-2.631113290644263429e+02
-2.809935290135274499e+02
-2.851033228572858889e+02
-2.687690380530927996e+02
-3.302643793364147768e+02
-4.441235596284452072e+02
-3.365234161687369578e+02
-3.497954993330383786e+02
-3.004386566458296670e+02
-4.316359291751842875e+02
-4.926235371364258526e+02
-2.985021132194861480e+02
-3.479559684166553097e+02
-2.389532524984489896e+02
-3.424082876974873670e+02
-3.707409975709686023e+02
-4.309118539754582002e+02
-3.709650221108941537e+02
-3.143419750496385632e+02
-3.316785840531000531e+02
-3.649782147015358760e+02
-4.414474152112072716e+02
-3.653641479302859238e+02
-3.360930629712601672e+02
-3.426155980993379444e+02
-3.310800559896188133e+02
-3.108678193149744970e+02
-4.397582958463898422e+02
-4.273154419887368931e+02
-5.469066054391207672e+02
-4.754513307434221474e+02
-3.596979473653836976e+02
-3.576063291671366642e+02
-5.960554597643977104e+02
-3.222721546060324727e+02
-5.747545574746020520e+02
-3.329139420534344254e+02
-4.337093555341559750e+02
-2.868447152436380634e+02
-3.601654786575678031e+02
-4.413212066294175315e+02
-4.185589532058700115e+02
-2.825530759740801159e+02
-1.905819132795049029e+02
-2.786268986312762195e+02
-3.885729454615952250e+02
-1.865061590274697210e+02
-5.050753744582588638e+02
-2.916749987391083323e+02
-4.322206260442650887e+02
-3.724814701201527782e+02
-2.979260159157182102e+02
-2.675537878341021951e+02
-4.179292471405484548e+02
-2.998055217164531996e+02
-2.640846942668486008e+02
-4.241769746536834873e+02
-4.666783322279164281e+02
-4.450909595435675215e+02
-4.930133938028769194e+02
-3.513536275483106692e+02
-5.047133251401667167e+02
-1.757510684719264304e+02
-4.291089965131366171e+02
-3.340282663118906612e+02
-3.114951130560968977e+02
-2.683927995388775685e+02
-3.065222808666901528e+02
-3.811678527017376723e+02
-3.199442959323152991e+02
-3.391645586264178291e+02
-3.283597538238790889e+02
-4.867168463403030501e+02
-2.406222793764099208e+02
-3.981376238315352225e+02
-2.978774543918736413e+02
-3.233913034654765966e+02
-2.869889365456837709e+02
-3.339865315883207586e+02
-4.774175479711073535e+02
-3.293380761199974245e+02
-3.130710725838184203e+02
-3.222579973696487059e+02
-3.704464007524875342e+02
-4.175043495649708234e+02
-1.623712539281207796e+02
-3.879702345333293465e+02
-5.317802406820708256e+02
-2.988625192558022832e+02
-4.493026231323044613e+02
-4.485564197555166857e+02
-3.025959835753772040e+02
-2.064195832440398704e+02
-3.503910452346197530e+02
-2.856879402548477742e+02
-3.071173536326518274e+02
-2.890667178703407103e+02
-3.056102246348258404e+02
-2.821647000466293207e+02
-4.740449844676068096e+02
-3.040623343335372510e+02
-3.501039127239351956e+02
-4.063716465311068191e+02
-4.877151183901672198e+02
-3.020894162942958587e+02
-3.863110382292942404e+02
-2.719217552389293360e+02
-2.995488884490867463e+02
-3.799813424670822428e+02
-3.196917813792067022e+02
-4.323463481306832819e+02
-3.752994622605357335e+02
-2.681071961564276194e+02
-4.811161643774607910e+02
-4.645930870013019103e+02
-2.218222154658011220e+02
-4.052186660918351322e+02
-2.128667629692399146e+02
-2.167341149173897463e+02
-3.189254443685257456e+02
-3.466098632082590143e+02
-3.437976874919952479e+02
-3.739907917675207045e+02
-3.967691530854170310e+02
-2.221552126249438857e+02
-3.789337121910867836e+02
-2.984808126240821480e+02
-2.884161902406065678e+02
-3.514788878001420471e+02
-3.986586476561438985e+02
-2.547379766424375873e+02
-3.764403750467778877e+02
-2.687256281665249276e+02
-3.058807493028769500e+02
-2.359009834950528841e+02
-3.272495814446123745e+02
-2.292264593636391226e+02
-2.469835229698105366e+02
-2.741795683892028137e+02
-4.719567761897356490e+02
-3.058273051708250136e+02
-3.907480334342208721e+02
-2.784326872944528191e+02
-3.341593853442803947e+02
-3.190042900382265429e+02
-2.751527454559393391e+02
-2.444188009579172558e+02
-2.188466205613116813e+02
-1.827108234200083530e+02
-3.297714205104761049e+02
-4.187987418683920282e+02
-3.313012531940765371e+02
-2.524928122118574265e+02
-3.793422327500196616e+02
-4.207429684083693928e+02
-3.318265188342568877e+02
-1.645658616181850675e+02
-2.958253737851205187e+02
-2.858901542873726385e+02
-5.429338006506161491e+02
-3.344129478319503619e+02
-2.166622250578058981e+02
-3.691591260197731117e+02
-2.314674522569486044e+02
-3.656416823111753160e+02
-3.694109703862690708e+02
-4.521552505755512925e+02
-4.613232128174224158e+02
-2.862249124652711885e+02
-1.947747531988340199e+02
-4.669778651297301622e+02
-3.886116577027264043e+02
-4.317256117430230233e+02
-2.489960633437085562e+02
-3.068169396174527606e+02
-3.475177342688331237e+02
-2.355188377372469404e+02
-2.855654817132080439e+02
-3.591451696533009681e+02
-2.576385991738928851e+02
-4.400988094771651049e+02
-2.813564083165143757e+02
-4.155834376596937432e+02
-2.816414240934147415e+02
-4.963675311576337208e+02
-3.839227626975297198e+02
-3.367638832484811360e+02
-1.811932910243388335e+02
-4.609959351164073382e+02
-3.951218738753020148e+02
-2.431769656572080294e+02
-3.594990642414717286e+02
-4.354271732987293717e+02
-3.336009836094132197e+02
-2.201009858665789523e+02
-3.876428321384191804e+02
-5.126401393959249617e+02
-2.601769858026792122e+02
-4.351772500117132836e+02
-4.100794274669435708e+02
-2.532153583477700636e+02
-3.773280943524106874e+02
-2.256637614454847949e+02
-3.196798479789283078e+02
-3.344589382805040714e+02
-2.806031403487348825e+02
-2.403592365640324147e+02
-2.745603519063166686e+02
-4.389810154730535601e+02
-2.718812941078480208e+02
-3.245383440279568958e+02
-2.678295517344653263e+02
-3.592820527735475480e+02
-2.696910965239063671e+02
-2.923075988995070134e+02
-3.459227449255157012e+02
-4.140770914767427939e+02
-4.122237342981372308e+02
-2.759290856817052600e+02
-4.252428902999632783e+02
-1.828497188892974918e+02
-4.865715134125014742e+02
-2.825576019427468850e+02
-3.508814301956315944e+02
-2.686135465082151654e+02
-3.194627499643356145e+02
-2.489453673079566443e+02
-3.185671620350238413e+02
-2.862429750453605948e+02
-3.523488739592291950e+02
-4.388544624756222561e+02
-3.979827869867701793e+02
-4.105311123320157094e+02
-3.422621088106100729e+02
-2.826213829372244959e+02
-4.104683864403018561e+02
-2.270838250276526651e+02
-2.444167805022602806e+02
-3.944324413303475581e+02
-3.550546933172740296e+02
-3.222562224921538245e+02
-4.049982788570611092e+02
-2.420399132759301040e+02
-2.876655987240041554e+02
-4.090733733611328375e+02
-4.121130750778162337e+02
-3.026506817550524602e+02
-3.680162009819945865e+02
-3.256543707238606657e+02
-2.394488070083358764e+02
-2.901767625551748324e+02
-3.946587395610642375e+02
-2.750141220733482896e+02
-3.855756886322446917e+02
-4.065572336114097993e+02
-4.927877311981824846e+02
-2.464673845898661853e+02
-3.627470881276817067e+02
-3.538062952156079177e+02
-4.303323489885917184e+02
-3.979733527880939050e+02
-5.197950370763298906e+02
-3.666669209978547883e+02
-3.162892701123861912e+02
-3.413855017583112499e+02
-5.657472904836821499e+02
-3.709628632195489217e+02
-4.499061040773494824e+02
-3.424673098329708978e+02
-5.245101186141747576e+02
-3.630198295024687241e+02
-3.696346230666880501e+02
-2.474723677755435460e+02
-3.506592132018540156e+02
-4.295642645075213863e+02
-3.678691195073297422e+02
-2.492567236211920658e+02
-4.052387951628759311e+02
-4.196987269410705039e+02
-4.859040578953935778e+02
-2.891094866196896191e+02
-4.425860612418707660e+02
-3.258083521014962685e+02
-3.266225275281508971e+02
-2.215611845715625066e+02
-4.118321203774215746e+02
-2.993977916805962423e+02
-3.672839745012551589e+02
-4.623233006930748843e+02
-4.829328043044417313e+02
-2.024598660890115696e+02
-2.910503139231735190e+02
-3.854066638557543456e+02
-2.208326394004707254e+02
-4.664362439942863716e+02
-2.891239146776551934e+02
-2.478517140005900217e+02
-3.094543398744022511e+02
-3.608739011399935634e+02
-2.675996773887968629e+02
-4.064463240839456830e+02
-4.257631560701082094e+02
-4.749931020061214895e+02
-1.684411330707295349e+02
-1.903187230154834140e+02
-3.158837425737576154e+02
-3.498595607721510419e+02
-2.751728817536563838e+02
-3.924535423105803034e+02
-2.144374111508062128e+02
-4.198752489937114660e+02
-2.648343168432334664e+02
-4.564162410297309407e+02
-3.452117147063757443e+02
-3.037956642368195617e+02
-6.094130046922612109e+02
-4.140966466471097647e+02
-1.269331787256502935e+02
-2.242474185870314898e+02
-1.792738776387308803e+02
-4.903151776612731965e+02
-3.397618185021243562e+02
-3.881754265028041004e+02
-2.911147288546385994e+02
-4.776915701272708930e+02
-4.278827207148881371e+02
-2.784349792976142339e+02
-4.502799201116647509e+02
-3.701075611285860418e+02
-3.446897069718367561e+02
-2.539116078376315500e+02
-2.733443076444007147e+02
-3.416348782818773202e+02
-3.574400461837345802e+02
-3.686720676462001052e+02
-3.210013904672964600e+02
-3.706062853783993774e+02
-2.676136550911874679e+02
-2.964726479818741609e+02
-3.044077781456983303e+02
-4.415641425403559310e+02
-3.057057245462463015e+02
-3.215939037557213283e+02
-2.731598167475005994e+02
-3.342484840578283638e+02
-4.674363464429122246e+02
-3.804747937384753982e+02
-2.605682941959037748e+02
-3.771698881594223849e+02
-5.145582958764221075e+02
-2.071250033498631637e+02
-2.377519907190823290e+02
-1.682258278617218821e+02
-4.059119780609000259e+02
-3.319527561141814544e+02
-3.373551362991091196e+02
-2.140650609791073009e+02
-3.986636196096005165e+02
-3.515977421800712364e+02
-3.081466563209168044e+02
-3.471320827361939223e+02
-3.680040095002087241e+02
-3.109075765198704175e+02
-4.315995950174836366e+02
-3.221633563947837615e+02
-3.950755462900942234e+02
-3.128351065848582948e+02
-3.390536556400563200e+02
-3.076837445989854132e+02
-2.382534871838027755e+02
-2.313017605303811877e+02
-3.038116443494167811e+02
-2.408639337420013078e+02
-4.069328764584376472e+02
-3.400640728268143107e+02
-5.499146333639093882e+02
-3.412522287185645382e+02
-3.017372923248058214e+02
-5.006379595982487558e+02
-1.947336821169103871e+02
-4.028252330998394655e+02
-3.259425274955946179e+02
-1.921599194136326219e+02
-3.439327339560208543e+02
-4.063612874829356088e+02
-2.696961551692462535e+02
-4.069819590815068295e+02
-1.730497031465803275e+02
-2.076544837105924444e+02
-2.628577647572732872e+02
-2.879131848912709870e+02
-3.018397224711670788e+02
-2.879806104875410142e+02
-3.373042470309020473e+02
-3.197773978607903587e+02
-3.101189870849348722e+02
-3.026340308887553192e+02
-3.818674344476083888e+02
-3.016189918400110628e+02
-3.520333470848922843e+02
-3.460470441000356914e+02
-3.762600556994698877e+02
-2.737352942687994641e+02
-4.225334280241382885e+02
-3.001932651320573200e+02
-2.529932867475524745e+02
-3.721489518419136857e+02
-2.789298464178422705e+02
-3.370679629247774187e+02
-2.591841274426494124e+02
-3.589637861540617791e+02
-1.818453016983072814e+02
-3.748125101934362533e+02
-4.296936576650799111e+02
-4.079906167114495474e+02
-3.210455041549257089e+02
-2.614079394499584055e+02
-2.618937551263039154e+02
-3.294514398535263808e+02
-2.224401422701538706e+02
-3.931167662781169838e+02
-4.637859181266574069e+02
-3.969171905989910556e+02
-4.973184751899309504e+02
-2.379751395197240527e+02
-3.205127050800857091e+02
-1.995910461745778548e+02
-4.069814614050039836e+02
-3.666057217408245492e+02
-3.090290822079036275e+02
